Line 1	Reference Step: 0	
Distance	Eng. Tangential Strain y	Uncertainty of Eng. Tangential Strain y
Length/mm	Strain/mstrain	Strain/mstrain
0	-0.013613	0.00518877
0.256497	-0.0134499	0.00499442
5.25909	-0.0102877	0.00550801
6.72325	-0.00936948	0.00439884
11.6925	-0.0062484	0.00493786
13.172	-0.00515059	0.00394712
18.13	-0.00147581	0.00462517
19.6242	-0.000499229	0.00369607
24.5604	0.00272367	0.00443493
26.0787	0.00389461	0.00354662
31.0164	0.0077115	0.00442069
32.536	0.00891114	0.00352814
37.4329	0.0127714	0.00439082
38.9649	0.013823	0.00348219
43.8107	0.0171661	0.00414341
45.3511	0.0186691	0.00329126
50.2058	0.023394	0.00405746
51.7686	0.0248065	0.00323104
56.6098	0.0291812	0.00417006
58.185	0.0303041	0.00330638
63.0019	0.033737	0.00420631
64.5899	0.0350418	0.00332917
69.3821	0.0389824	0.00421257
70.9815	0.0400924	0.00331937
75.7725	0.0434143	0.00411162
77.3948	0.0441978	0.0032356
82.1642	0.0465034	0.00408423
83.7961	0.047649	0.00322274
88.531	0.0509755	0.00422563
90.1695	0.0517082	0.00330595
94.8639	0.0538108	0.00408346
96.5204	0.0550608	0.00319873
101.212	0.0586013	0.00407323
102.885	0.0597337	0.00319218
107.552	0.0628955	0.00416802
109.243	0.0641239	0.00326105
113.894	0.0675022	0.00427428
115.597	0.0687963	0.0033171
120.231	0.0723177	0.00416032
121.956	0.0740883	0.00323961
126.574	0.078827	0.00423634
128.315	0.0805748	0.00330138
132.909	0.0851916	0.00440378
134.657	0.0871123	0.00340543
139.205	0.0921118	0.00440357
140.965	0.09426	0.00339085
145.494	0.099791	0.00428869
147.267	0.101997	0.00329939
151.788	0.10763	0.00421165
153.578	0.110017	0.00325344
158.079	0.116025	0.00431714
159.885	0.118263	0.00331337
164.369	0.123821	0.00428867
166.188	0.12573	0.00327951
170.647	0.13041	0.00420248
172.481	0.132345	0.00321954
176.919	0.137027	0.00422757
178.771	0.138744	0.00325114
183.184	0.142839	0.0044222
185.052	0.144518	0.00336292
189.449	0.148475	0.00435167
191.332	0.149986	0.0033031
195.713	0.153508	0.00427509
197.605	0.154236	0.00326634
201.964	0.155916	0.00441444
203.878	0.157612	0.00335439
208.213	0.161455	0.00448159
210.139	0.162104	0.00339124
214.456	0.163559	0.00446936
216.398	0.16446	0.00337403
220.696	0.166456	0.00445575
222.658	0.166878	0.00337363
226.934	0.167791	0.0045602
228.91	0.167616	0.00345015
233.162	0.16723	0.00469529
235.155	0.167681	0.00350936
239.385	0.168636	0.0045653
241.395	0.168089	0.00342447
245.608	0.166942	0.00457043
247.637	0.166574	0.00345449
251.828	0.165845	0.00480393
253.873	0.164384	0.00359939
258.041	0.161392	0.00488298
260.103	0.159895	0.00362115
264.254	0.156879	0.00474577
266.326	0.157133	0.00351795
270.461	0.157629	0.00461895
272.555	0.152874	0.00347367
276.665	0.14353	0.00487838
278.776	0.140661	0.00361828
282.864	0.135106	0.0048737
284.993	0.133917	0.00356814
289.061	0.13165	0.00460466
291.212	0.129073	0.00341824
295.256	0.124258	0.00469395
297.423	0.121456	0.00347137
301.448	0.116239	0.00473411
303.63	0.114118	0.00345377
307.637	0.11022	0.00452461
309.837	0.107877	0.0032996
313.823	0.103634	0.00435105
316.04	0.101291	0.00320421
320.006	0.0971085	0.0043935
322.242	0.0946881	0.00322563
326.187	0.0904144	0.00441366
328.438	0.0893013	0.00319154
332.365	0.0873509	0.00418079
334.644	0.0832656	0.00307334
338.542	0.0762931	0.00427707
340.846	0.073097	0.00313741
344.724	0.0677009	0.00437118
347.033	0.0648948	0.00321168
350.897	0.0601941	0.00449388
353.233	0.0578512	0.00325054
357.068	0.0540061	0.00440476
359.422	0.0519889	0.00319947
363.236	0.0487159	0.00440068
365.612	0.0458584	0.00327291
369.398	0.0413117	0.0047844
371.793	0.0385327	0.00353916
375.56	0.0341634	0.00513084
377.968	0.0324458	0.00375193
381.713	0.0297834	0.00531188
384.151	0.0265648	0.00390131
387.876	0.0216291	0.00560601
390.334	0.0188838	0.00417943
394.051	0.0147292	0.00620045
396.523	0.0103262	0.00473366
400.207	0.00377329	0.00731803
402.703	0.0011104	0.00552256
406.362	-0.00279028	0.00839023
406.683	-0.00319745	0.00796885
