Line 2	Reference Step: 0	
Distance	Eng. Tangential Strain y	Uncertainty of Eng. Tangential Strain y
Length/mm	Strain/mstrain	Strain/mstrain
0	-0.00540486	0.00733649
5.29156	-0.00187015	0.0061243
6.10072	-0.0013393	0.00690729
11.5959	0.000726113	0.00546497
12.5194	0.00108768	0.00626746
17.8955	0.00195904	0.00495841
18.9179	0.00210292	0.00576575
24.1886	0.00372905	0.00464222
25.3196	0.0040744	0.005489
30.4773	0.00896505	0.00457448
31.7172	0.0101313	0.00550599
36.7619	0.0118849	0.00444929
38.1106	0.0123801	0.00542916
43.0406	0.0128506	0.00423317
44.4926	0.0129829	0.00522711
49.3092	0.0180591	0.00408685
50.869	0.0197025	0.00512582
55.5773	0.0215982	0.00405133
57.243	0.0222427	0.00516352
61.8394	0.0253589	0.00412969
63.6112	0.0265566	0.00534863
68.0953	0.025308	0.00399236
69.9785	0.0247987	0.00519463
74.3459	0.0277443	0.0038641
76.3402	0.0290795	0.0050919
80.5897	0.0309784	0.00382241
82.6876	0.0319373	0.00511463
86.8299	0.0344258	0.0038722
89.0317	0.0357916	0.0052568
93.0619	0.0379804	0.00380694
95.3697	0.0391506	0.00516764
99.2934	0.0366694	0.00366448
101.705	0.0352296	0.00498551
105.516	0.0426173	0.00367367
108.036	0.0475096	0.00512841
111.73	0.0527547	0.00374069
114.357	0.0563799	0.00525129
117.945	0.0591642	0.00370774
120.678	0.0614834	0.00516137
124.149	0.0608798	0.00363171
126.987	0.0602257	0.00507566
130.349	0.0646973	0.00363417
133.292	0.0685622	0.00516471
136.546	0.0769481	0.00367557
139.586	0.0848724	0.00522303
142.74	0.0909377	0.0036321
145.879	0.096991	0.00505113
148.929	0.100487	0.00354914
152.167	0.104166	0.00497978
155.108	0.110406	0.0035686
158.449	0.117501	0.0051094
161.282	0.122788	0.00363496
164.724	0.129207	0.00512852
167.456	0.135053	0.0036348
170.993	0.142727	0.00505156
173.627	0.149588	0.00364563
177.258	0.158806	0.00516282
179.787	0.165203	0.00377699
183.517	0.174796	0.00542627
185.944	0.181297	0.00393467
189.77	0.191493	0.00542875
192.102	0.190755	0.00398373
196.018	0.18958	0.00555503
198.247	0.20119	0.00412409
202.26	0.222255	0.00576073
204.397	0.22416	0.00430222
208.495	0.22761	0.00594166
210.541	0.232563	0.00446072
214.729	0.242793	0.0060378
216.68	0.243374	0.00458093
220.957	0.244622	0.00619181
222.817	0.244255	0.00475878
227.179	0.243295	0.0064883
228.948	0.244205	0.00502134
233.399	0.246736	0.00664729
235.08	0.241929	0.0051563
239.614	0.228835	0.00638338
241.206	0.223301	0.00501602
245.826	0.207323	0.00624356
247.328	0.203251	0.00497876
252.035	0.190417	0.00626603
253.443	0.184863	0.00505478
258.239	0.165994	0.00626329
259.554	0.15956	0.00510496
264.437	0.135409	0.00603011
265.673	0.131324	0.00497735
270.633	0.115083	0.00595011
271.782	0.110563	0.00497711
276.823	0.0906333	0.00592881
277.904	0.0857151	0.00500366
283.015	0.0624712	0.00579318
284.001	0.0624183	0.00496649
289.2	0.0623259	0.0058701
290.101	0.0614845	0.0050981
295.382	0.0567605	0.00602248
296.207	0.052698	0.00528221
301.561	0.0261265	0.00582443
302.313	0.0242035	0.00516812
307.737	0.0104236	0.00573402
308.406	0.0087411	0.00515426
313.91	-0.00532062	0.00560071
314.503	-0.00567617	0.00509927
320.08	-0.00891659	0.00589601
320.583	-0.00913267	0.00544217
326.248	-0.0115548	0.00599982
326.682	-0.0117647	0.00559721
332.413	-0.0145364	0.00590336
332.777	-0.0149656	0.00556911
338.576	-0.021821	0.00587454
338.865	-0.0217127	0.00560959
344.735	-0.0194362	0.00623791
344.949	-0.0196409	0.00602801
350.891	-0.0253984	0.0063253
351.031	-0.0254058	0.00618478
357.102	-0.025813	0.00633773
361.915	-0.0290177	0.00535613
363.196	-0.0298536	0.00653249
369.265	-0.0312711	0.00678063
369.345	-0.031291	0.00686854
375.334	-0.0334901	0.00713379
375.491	-0.0335493	0.00731687
381.401	-0.0420467	0.00721268
381.634	-0.042379	0.00748847
387.468	-0.0435853	0.00767135
387.775	-0.0436524	0.00806066
393.535	-0.0500065	0.00828192
393.911	-0.0504217	0.00880112
399.605	-0.0554069	0.00922407
400.047	-0.0557958	0.00990796
403.165	-0.0567164	0.00774227
